Gamma
[12.242887489114619, 11.148825417128787, 11.419725164840907, 12.032773178996752, 12.789610013733549, 11.097396605240272, 12.502734465057378, 11.634657753590973, 11.24564659401413, 10.994900826502116, 12.725724736704912, 11.387889823883256, 11.148500442786718, 11.986129097433945, 11.111987644533157, 10.589080242111333, 11.265590792527373, 10.05154698530369, 11.148355469562787, 11.913094354929335, 12.033526018419161, 12.040396485373538, 12.706139943731358, 10.543170442395548, 10.88744762715147, 10.432485277741728, 11.58135542593147, 11.673198669062462, 10.203423320905422, 11.015690005245771, 10.945531184116641, 11.497159705614749, 11.893857254422445, 12.63121204500192, 12.971110059116924, 12.918409379305285, 12.105026911201138, 12.917691448864234, 10.769960566649294, 11.58565559161398, 11.731878374905857, 10.590430923830382, 10.10839380260478, 11.26125050000627, 11.136299179545002, 12.063643167948658, 12.072549503270677, 12.914647839269126, 11.725983511802383, 12.124147185929461]
[13.956891737590665, 13.378590500554544, 9.82096364176318, 13.59703369226633, 13.684882714694899, 12.872980062078714, 14.378144634815984, 11.518311176055063, 10.795820730253563, 12.973982975272497, 13.743782715641306, 13.096073297465743, 10.925530433930984, 9.588903277947157, 12.00094665609581, 10.906752649374672, 9.801063989498815, 10.05154698530369, 13.378026563475345, 14.295713225915202, 14.440231222102993, 14.207667852740775, 11.562587348795537, 12.230077713178835, 12.411690294952676, 8.86761248608047, 9.728338557782434, 11.089538735609338, 9.795286388069204, 11.015690005245771, 9.084790882816812, 12.761847273232373, 10.466594383891751, 12.125963563201843, 12.452265656752246, 13.17677756689139, 11.620825834753091, 14.85534516619387, 10.769960566649294, 12.5125080389431, 9.620140267422803, 8.472344739064306, 10.007309864578733, 13.513500600007523, 12.806744056476752, 14.355735369858904, 10.986020047976316, 15.368430928730259, 11.960503182038432, 12.124147185929461]
[1.0, -0.3157021643580425, 0.5053584635715168, 0.250236837675501, -0.869694049593991, -0.5460523348441785, 0.21740316511183422, -0.9073890897690932, 0.5384288647276724, 0.21476384394003895, -0.8319587937509111, 0.3809743300460307, 0.6499202175619975, 0.33674271732929084, 0.051951470673527095, 0.7185777424749177, 0.1578796794361057, 0.0720475158772015, -0.02043221262853968, -0.6339044162022026, 0.24957804413801077, -0.4965571198173831, -0.5015563537174832, 0.46642091321598916, -0.13725449266879017, -0.29406979601936356, 0.3932314387840229, -0.33373405154156466, 0.7527889287096403, -0.244522705966071, 0.37359549298246086, 0.7493266489393425, -0.3848718917212234, 0.8533557904376982, 0.49053878341009627, -0.9825154551821322, -0.3126256523868041, -0.036847243802098306, -0.7996185739434426, -0.17790022360004212, -0.2343719112976527, -0.26593283794939576, -0.08027096013070463, 0.5778255179968806, -0.010619823172875385, 0.02706714267844471, -0.008477735650724818, 0.43645878712676683, -0.5492170164088225, 0.5477341401580386]
[-0.3157021643580425, 1.0, -0.18809586701794412, 0.3034925503205999, 0.010736705922147987, -0.2760532932670237, 0.06503685078825254, 0.3573617564857717, -0.8989076763899237, 0.00042993237843869797, 0.2861764663971537, -0.08533929375393293, 0.22552734686743695, 0.1033396846412675, -0.6493665343770433, 0.1414240830661949, 0.05792110841802911, -0.6329215841754509, 0.4958023834389842, 0.4155616096954127, 0.19376970872131674, 0.4943905890578407, 0.28092517995459887, 0.19509311515332997, -0.343478930403206, 0.9588748109718334, -0.850281438472951, 0.7756051999557303, -0.10280268171258433, 0.263273133343973, -0.026774421830818875, 0.10388563463731693, 0.5422850135591005, -0.20897739960718037, -0.3915523560391803, 0.2701726702143759, 0.5631057362065858, -0.22572995130589643, 0.16463183175141458, -0.31483457551333377, 0.5830728133204126, -0.05944917719323875, 0.0006286383345833294, 0.43678601349866897, 0.5303112096450664, 0.2017188603733745, -0.32215765027746995, -0.34219237931454394, 0.05525211607967888, 0.1336088542273048]
[0.5053584635715168, -0.18809586701794412, 1.0, -0.5097468326423727, -0.6853264911899185, 0.027532923541424087, -0.00094395035227513, -0.5958587377148974, 0.1234744255890084, 0.7690460898391683, -0.8348617530051966, 0.5093380424124432, 0.6133331864365068, -0.02539374552595078, -0.2608725948913528, 0.28463051094072717, -0.19001480898405393, -0.3429370109633014, -0.5686518134896944, -0.9443434816660199, 0.781176038100139, -0.09219263368048859, 0.3194177534146578, 0.10884756138688466, 0.6176676007135262, -0.3871027969881917, 0.48720325782808016, -0.05527189805393524, 0.8391823431370934, 0.4365467484928102, 0.32231568126050125, 0.1948381851923266, 0.4600567855239194, 0.8570404733242284, -0.06798208898224688, -0.541840737520504, 0.25596323806367494, 0.3483885607959508, -0.21473318421284826, 0.3304126490212544, -0.7833407848726885, 0.009352543459197704, 0.16178262024605816, 0.1949806014515549, -0.5673702469541969, -0.5134522718241904, -0.3639335648623285, 0.33280956245375115, -0.3505644856152012, 0.2592574916896129]
[0.250236837675501, 0.3034925503205999, -0.5097468326423727, 1.0, -0.11930266961729158, -0.3250312069121092, 0.31588780133034183, 0.08928213586870662, -0.13930561910471492, -0.2090111043685814, 0.27958421211656687, -0.31368822281253, -0.07037313136479748, 0.3202609026982152, 0.3191811656458378, 0.2888587226848783, 0.5508853906893126, 0.3053350947730437, 0.738219947671265, 0.5397804812535699, -0.6328008215280883, -0.2502878072948519, -0.8231246787190167, 0.3122609044528228, -0.8183083153722517, 0.4958505615920649, -0.6363353188312053, 0.2832540035769043, -0.25674399272736786, -0.7597663150592617, 0.4670723538428501, 0.44149747914319304, -0.4945003087957009, -0.05740046909036511, -0.015341684479657147, -0.14298669035342773, -0.512166417362507, -0.08712240695644924, -0.4718511892710194, -0.9194565043875437, 0.5711453770773448, 0.021245174714917353, 0.18419794612494136, 0.3058687299849409, 0.4090929699799333, 0.4370504849681675, -0.03592040008679493, 0.21770302098868538, -0.5197039126225663, 0.46785444859430897]
[-0.869694049593991, 0.010736705922147987, -0.6853264911899185, -0.11930266961729158, 1.0, 0.6050612505581132, 0.06869656384941385, 0.8592140003357494, -0.24615838144228294, -0.5159336729061581, 0.8834177447505556, -0.6700328042887648, -0.8979574329514611, -0.039446613167989385, 0.19769634529706182, -0.5586956435852337, -0.30473666937955, 0.37226572864900054, 0.21624560866521506, 0.7132674896274604, -0.4994827616609958, 0.0726867839837992, 0.18994339951031372, -0.2431169018865361, -0.12046873505987608, 0.11176185460945084, -0.21976000581563299, -0.08464113809686853, -0.9273531561271037, 0.05992577498181645, -0.4454564020903305, -0.8366839018918363, -0.08221285398214949, -0.9291042151876262, -0.12487422601161634, 0.8988906858948291, -0.10597966336669248, -0.18981979600761295, 0.8075691578748623, 0.07725751449427132, 0.23512187589244943, 0.004640666167275382, -0.16306243164445566, -0.7537731280261901, 0.0568075489705238, -0.1148869951148037, 0.43623802349486734, -0.17514931785903196, 0.4807273122589797, -0.37776369549510264]
[-0.5460523348441785, -0.2760532932670237, 0.027532923541424087, -0.3250312069121092, 0.6050612505581132, 1.0, 0.21723927438947718, 0.635312970917725, -0.16864068575807092, 0.26337237358249627, 0.4430830203795758, -0.5355881377688145, -0.7493462642036443, -0.05630697997779724, 0.42112395436841293, -0.5125874935452451, -0.2913232314999706, 0.4710465335157756, -0.16660536101671491, 0.10478165662163424, -0.23459943408253786, -0.21326779799604997, 0.1575162687748285, -0.23441813335196718, 0.32200743807204063, -0.2810025805747325, 0.04907222723613242, -0.0740411839182752, -0.5056422318565146, 0.08213330780398811, 0.18847075410889996, -0.8643871128668926, 0.16127276379725483, -0.297277736030744, -0.42709612324043283, 0.6394708667830973, -0.28318911604850144, 0.38590895472822995, 0.6660703905192207, 0.011336460213880356, -0.5597019402460554, 0.25353450241974596, 0.2975972602344542, -0.940925671216341, -0.7158726272908615, -0.6796765098199349, 0.08090360880516664, 0.41453929876364864, -0.1366192393443239, -0.027613594921994226]
[0.21740316511183422, 0.06503685078825254, -0.00094395035227513, 0.31588780133034183, 0.06869656384941385, 0.21723927438947718, 1.0, 0.06603600923630297, -0.1862040259026316, -0.179803818487332, 0.03058309505337406, -0.7614379379009939, -0.2647165444522383, 0.9521584041441633, -0.03822439643841558, 0.6688067140025503, -0.5405074702802978, 0.4832840506348654, 0.702047553741989, 0.07358327515638446, -0.046431303202391826, -0.813430788912452, -0.34911908264320574, 0.8824613050112274, -0.6152624526839003, 0.23143104928645536, -0.16090271505149173, -0.3328755179614151, -0.18650733543604203, 0.057525087436627695, 0.1425664449578847, -0.2563099585762619, -0.3409102944923843, 0.08803825505722826, 0.36678911969875083, -0.11742784512263098, -0.5099212680805537, -0.49013008116488727, 0.2436118723000029, -0.49206896733304917, -0.08367576640846444, -0.6972397156527733, -0.42470521923807897, -0.17197332393667733, 0.07167511406977754, -0.6215052441487776, 0.5848144409105619, 0.7871940931816795, -0.5137380978874332, 0.8755101315273618]
[-0.9073890897690932, 0.3573617564857717, -0.5958587377148974, 0.08928213586870662, 0.8592140003357494, 0.635312970917725, 0.06603600923630297, 1.0, -0.6197262891438188, -0.1747172070322709, 0.9376391303888307, -0.6392174702368641, -0.7865354616871282, -0.11553780028502475, 0.15137668639398086, -0.5938029360878603, -0.051637781570355056, 0.17685845161336067, 0.3032176985915204, 0.7744347051295701, -0.4878898271713907, 0.23886471010088142, 0.1675464021135387, -0.2767108354497492, -0.13769166973585947, 0.41249842792531977, -0.6035599452468209, 0.3887726001086753, -0.8797585825185218, -0.020607150834802544, -0.07200912378824134, -0.731588802248243, 0.21116263254854584, -0.8175007149418899, -0.548067445061784, 0.9628555058266502, -0.0024051861876877366, 0.07593789760465257, 0.7190022703783145, -0.22970253429528764, 0.25529336458117, 0.2592282451212827, 0.2004317647449905, -0.6340454414936564, -0.02815157632677515, -0.10225703874384652, 0.027862198449001722, -0.1275391546064629, 0.1933610541897444, -0.2272887597402709]
[0.5384288647276724, -0.8989076763899237, 0.1234744255890084, -0.13930561910471492, -0.24615838144228294, -0.16864068575807092, -0.1862040259026316, -0.6197262891438188, 1.0, -0.15515512420609534, -0.445326109729758, 0.31503328345257775, 0.07274230559933564, -0.10206467065089506, 0.5028585701459598, 0.05146611412281369, 0.1001111647532442, 0.4540091315205622, -0.4184009899087492, -0.4215029618531079, -0.14367075547979252, -0.39269013412195614, -0.37719019926568825, -0.12328586480616087, 0.18642600058140385, -0.8459516306483502, 0.8276329570814546, -0.7531897918959404, 0.2878157734899662, -0.3418392864226565, -0.07095251688960394, 0.27719283016476776, -0.6525093950535322, 0.2993620946280498, 0.5871051122491663, -0.5322248733246608, -0.462238224064236, 0.05605295405739091, -0.4657355616644487, 0.30497018720034, -0.3042758582533101, -0.03246308260613365, -0.12736254920648793, -0.03665750505060378, -0.19807721632197334, 0.14129887008955871, 0.3000469522597088, 0.13404873618937013, 0.029344283666591975, -0.15719061223521988]
[0.21476384394003895, 0.00042993237843869797, 0.7690460898391683, -0.2090111043685814, -0.5159336729061581, 0.26337237358249627, -0.179803818487332, -0.1747172070322709, -0.15515512420609534, 1.0, -0.4349783043062411, 0.4249797118389777, 0.3709080854889283, -0.3435932766783267, 0.06758877722971868, -0.13705793615824305, 0.28457848424081483, -0.28573633971164974, -0.5247979903814777, -0.591317251342865, 0.3767162989357412, 0.1406424880315748, 0.15218517555645417, -0.2506137037345592, 0.6099782962786163, -0.1979722045539511, 0.05395245675756614, 0.43512551971539376, 0.5411454780729766, 0.05521141620959347, 0.7238400226188143, 0.1401982506809204, 0.592841443752782, 0.6569513571968046, -0.644712032024667, -0.18827221874077818, 0.16306402785266164, 0.8016245825054148, -0.24403685386143845, -0.04537531438239131, -0.6846482257190278, 0.5545205597129453, 0.7321383384379446, 0.02513384365532079, -0.7446930052706682, -0.3332242819869863, -0.7789160320190028, 0.2867261510908999, -0.5500167026136239, 0.14927657141383815]
[-0.8319587937509111, 0.2861764663971537, -0.8348617530051966, 0.27958421211656687, 0.8834177447505556, 0.4430830203795758, 0.03058309505337406, 0.9376391303888307, -0.445326109729758, -0.4349783043062411, 1.0, -0.6496849960176427, -0.8176359576164788, -0.09086992145312818, 0.2612758242154553, -0.5539986259774444, 0.06961008259646911, 0.2975848722751689, 0.4265868965462957, 0.9277387077581971, -0.6946336356422312, 0.19243031381674894, -0.04406053169099114, -0.2637025770597432, -0.34076152714346253, 0.41022847077028934, -0.6003633616512337, 0.277583116732686, -0.9653699634426284, -0.23288318719047552, -0.1648350689595771, -0.5859790082290772, -0.07110299740794264, -0.9214544832610252, -0.35501024566775286, 0.8902969723117167, -0.14079029959405792, -0.06250675189895287, 0.5692500834411344, -0.3009648385883262, 0.486577016233845, 0.2043099925127078, 0.09720075150835163, -0.5414943636262265, 0.18986528824538906, 0.15192175399011829, 0.16648413479408253, -0.21718882998877995, 0.26917300235871966, -0.27872650959412587]
[0.3809743300460307, -0.08533929375393293, 0.5093380424124432, -0.31368822281253, -0.6700328042887648, -0.5355881377688145, -0.7614379379009939, -0.6392174702368641, 0.31503328345257775, 0.4249797118389777, -0.6496849960176427, 1.0, 0.7927011774439724, -0.636205911878255, -0.21167954018170296, -0.09541313928440164, 0.42542367678077997, -0.6409935885567969, -0.7103823514274646, -0.5950519294671116, 0.4885871547722585, 0.5454739687592713, 0.2718536597385826, -0.4513562351694724, 0.5988227139935198, -0.2899823734647498, 0.3684354843314234, 0.19840573526277566, 0.7741020306477431, 0.08882729434989285, 0.04066599144078751, 0.65178060445382, 0.34870355730160274, 0.5337494745426203, -0.09800502136393409, -0.49570739908374545, 0.5269382257754368, 0.3880825332799626, -0.5967900321624309, 0.4687967803621695, -0.1454913196851321, 0.3959447985871222, 0.28073674084136446, 0.5896681267897901, -0.08302826924270239, 0.4392162613316927, -0.6175495683972798, -0.4882104336120684, 0.17555325038135014, -0.4294839460490986]
[0.6499202175619975, 0.22552734686743695, 0.6133331864365068, -0.07037313136479748, -0.8979574329514611, -0.7493462642036443, -0.2647165444522383, -0.7865354616871282, 0.07274230559933564, 0.3709080854889283, -0.8176359576164788, 0.7927011774439724, 1.0, -0.08459499249826075, -0.5424514606354083, 0.48316517748208804, 0.18838451536032394, -0.7088223475335155, -0.26070672721626814, -0.6356685425008543, 0.6977872285170706, 0.26401809990669717, 0.16106659101488466, 0.1527967190230891, 0.19703755852100688, 0.07148000166441881, 0.15171523010730661, 0.20400571255230548, 0.9168625309957437, 0.2336122053319419, 0.10155827499731972, 0.798254386275194, 0.31806586051665386, 0.7441438796133903, 0.12057326076943456, -0.7533384257502446, 0.5019297628320728, 0.014055247732830739, -0.6357411251445573, 0.18582580732238324, -0.025613725287302914, -0.06801513858050484, -0.012245770140300491, 0.882217559625444, 0.18718638706603566, 0.25233916765114633, -0.4483546977655886, -0.20557127146586968, -0.09944640681639329, 0.11951927194201076]
[0.33674271732929084, 0.1033396846412675, -0.02539374552595078, 0.3202609026982152, -0.039446613167989385, -0.05630697997779724, 0.9521584041441633, -0.11553780028502475, -0.10206467065089506, -0.3435932766783267, -0.09086992145312818, -0.636205911878255, -0.08459499249826075, 1.0, -0.20523894465946457, 0.8231980928849705, -0.5723193568079631, 0.3594297145753294, 0.7374487204003557, 0.03725867404867514, 0.058086359989154526, -0.7686317310307059, -0.3258788315276838, 0.9709079555777066, -0.6938700805072807, 0.2748600137592131, -0.10153410595612118, -0.41036058388377805, -0.06780808296285903, 0.12073581411493801, -0.0410411551168909, -0.07953203381926684, -0.4072977672930431, 0.11944417752789638, 0.5797760822147703, -0.27631694191777784, -0.40384513387261073, -0.6940441715800737, 0.1374521337800755, -0.3931758851391951, 0.07557836636004292, -0.858486964136877, -0.6280482022301467, 0.056511055800661375, 0.3096609982133792, -0.4637388185457253, 0.671340326398303, 0.6397038203159527, -0.37127129319534635, 0.8419042459837748]
[0.051951470673527095, -0.6493665343770433, -0.2608725948913528, 0.3191811656458378, 0.19769634529706182, 0.42112395436841293, -0.03822439643841558, 0.15137668639398086, 0.5028585701459598, 0.06758877722971868, 0.2612758242154553, -0.21167954018170296, -0.5424514606354083, -0.20523894465946457, 1.0, -0.4080105857522301, 0.4725614316870941, 0.7974286378782316, -0.10710300616797805, 0.1745485972784508, -0.7857147633244358, -0.3809704977179396, -0.6771532606504392, -0.35169394706364215, -0.013060968704472696, -0.5271736489940588, 0.16541044819191175, -0.225603534385657, -0.34858168354403585, -0.8105994296373527, 0.48995250307494786, -0.09398427422242063, -0.5762070629708126, -0.08374243318223183, -0.13041475848985165, 0.08859621956508128, -0.8083054418550901, 0.5179827907827641, -0.23804476872851663, -0.36210629987971726, -0.24376950841202127, 0.4858816752508329, 0.5075043580359639, -0.5295966324371085, -0.4934963508750078, 0.06325666473075617, 0.006591053773446918, 0.3795980387486029, -0.3801375541147013, -0.04296191532494911]
[0.7185777424749177, 0.1414240830661949, 0.28463051094072717, 0.2888587226848783, -0.5586956435852337, -0.5125874935452451, 0.6688067140025503, -0.5938029360878603, 0.05146611412281369, -0.13705793615824305, -0.5539986259774444, -0.09541313928440164, 0.48316517748208804, 0.8231980928849705, -0.4080105857522301, 1.0, -0.34267893863077764, -0.017808274086407935, 0.49914951065216534, -0.31985472107205765, 0.37639009229649867, -0.5673524243580628, -0.2833858073882469, 0.9267377155500905, -0.5287578041932949, 0.22371971684231873, 0.04143690496571908, -0.3046989361108525, 0.45715981574773573, 0.14806271064848273, 0.02869979601548956, 0.433894617029834, -0.28177347197594826, 0.5315279341403627, 0.6360905292026143, -0.7180267450501474, -0.1475915531209159, -0.6017946452787707, -0.3125008806590806, -0.25825667555477433, 0.07110466851267547, -0.7845916239878659, -0.5600339347979627, 0.5583386038515459, 0.3918168513116236, -0.2035065898950914, 0.3672101104906624, 0.45176661979981725, -0.3907133731083312, 0.7957035821465109]
[0.1578796794361057, 0.05792110841802911, -0.19001480898405393, 0.5508853906893126, -0.30473666937955, -0.2913232314999706, -0.5405074702802978, -0.051637781570355056, 0.1001111647532442, 0.28457848424081483, 0.06961008259646911, 0.42542367678077997, 0.18838451536032394, -0.5723193568079631, 0.4725614316870941, -0.34267893863077764, 1.0, -0.060178641680120146, -0.11772114942263485, 0.1896253902314822, -0.47101526428861634, 0.3546188342486793, -0.4812283106587689, -0.5187209728059997, -0.012942228537820406, 0.049083060570080654, -0.30990871931543046, 0.535323842087478, 0.07473444119974036, -0.7701764831015084, 0.5729351626823204, 0.5956914864727826, -0.0802690663068979, 0.11192839860163069, -0.4671982952537966, -0.1153195898546021, -0.13093413969369067, 0.6157694983187207, -0.7005917944022628, -0.4360512359115108, 0.2510148790124683, 0.7632081857105804, 0.7537277739444873, 0.30976543205009655, -0.03865198176435424, 0.7134555312852275, -0.6855338883162908, -0.23957391937143147, -0.2793178586217803, -0.21838693789116284]
[0.0720475158772015, -0.6329215841754509, -0.3429370109633014, 0.3053350947730437, 0.37226572864900054, 0.4710465335157756, 0.4832840506348654, 0.17685845161336067, 0.4540091315205622, -0.28573633971164974, 0.2975848722751689, -0.6409935885567969, -0.7088223475335155, 0.3594297145753294, 0.7974286378782316, -0.017808274086407935, -0.060178641680120146, 1.0, 0.2678760700746305, 0.23769606553310457, -0.704068471082537, -0.777110696135532, -0.6777418657828665, 0.16727472311696676, -0.34450727014273497, -0.41586746258222046, 0.20307638172693065, -0.5867258880604392, -0.4989802277715098, -0.5610821772053302, 0.20637771328015367, -0.3375253047691504, -0.7859629050292909, -0.190636144846654, 0.29086777593426, 0.07674386836966127, -0.9479612161491235, -0.014740067309461454, 0.06636228861454432, -0.37487210958217076, -0.19053052877616236, -0.10874569168382178, -0.0303269963386271, -0.6286271755876458, -0.2738881512745064, -0.2642572172135198, 0.5597438523911166, 0.636708237950121, -0.3491117668727248, 0.2895343568292677]
[-0.02043221262853968, 0.4958023834389842, -0.5686518134896944, 0.738219947671265, 0.21624560866521506, -0.16660536101671491, 0.702047553741989, 0.3032176985915204, -0.4184009899087492, -0.5247979903814777, 0.4265868965462957, -0.7103823514274646, -0.26070672721626814, 0.7374487204003557, -0.10710300616797805, 0.49914951065216534, -0.11772114942263485, 0.2678760700746305, 1.0, 0.6389317284437114, -0.3798506470088711, -0.3747117928963555, -0.4609056620681214, 0.6878306005295673, -0.961267832855058, 0.7138090503049209, -0.6655246600547194, 0.07661716161509098, -0.46738374224901735, -0.2212750774900188, 0.0019632386062983726, -0.0025450166751587616, -0.38615793534111525, -0.3212342829038388, 0.23372655096174502, 0.09309479767266511, -0.33561594994653926, -0.6142833904437871, 0.1037435136049659, -0.7162419988155947, 0.628531657449877, -0.5220941881448303, -0.3676150192075574, 0.13350954795235714, 0.623651953407992, 0.04913581463880993, 0.43434301216841986, 0.2580592032531151, -0.24678877652154899, 0.5957350900601239]
[-0.6339044162022026, 0.4155616096954127, -0.9443434816660199, 0.5397804812535699, 0.7132674896274604, 0.10478165662163424, 0.07358327515638446, 0.7744347051295701, -0.4215029618531079, -0.591317251342865, 0.9277387077581971, -0.5950519294671116, -0.6356685425008543, 0.03725867404867514, 0.1745485972784508, -0.31985472107205765, 0.1896253902314822, 0.23769606553310457, 0.6389317284437114, 1.0, -0.7297023272377848, 0.1708324904583475, -0.22861690677409793, -0.09159355398377625, -0.6080100786080959, 0.5846876976521345, -0.7158308147299506, 0.30437179557468697, -0.8841046251644568, -0.35984941090550654, -0.1770499538975324, -0.29036169579773785, -0.22798518313229996, -0.8636238932801984, -0.18603446269565363, 0.6839167601499697, -0.16147376323824153, -0.24829876269694778, 0.3320247354526324, -0.45746534713158327, 0.7541928557339606, 0.07108757661530969, -0.01819993048292315, -0.23176361432699577, 0.4921720772736625, 0.3911594785919108, 0.2007930823832023, -0.27747886545247363, 0.23116123392092247, -0.16264327293386935]
[0.24957804413801077, 0.19376970872131674, 0.781176038100139, -0.6328008215280883, -0.4994827616609958, -0.23459943408253786, -0.046431303202391826, -0.4878898271713907, -0.14367075547979252, 0.3767162989357412, -0.6946336356422312, 0.4885871547722585, 0.6977872285170706, 0.058086359989154526, -0.7857147633244358, 0.37639009229649867, -0.47101526428861634, -0.704068471082537, -0.3798506470088711, -0.7297023272377848, 1.0, 0.20336134551611995, 0.6911038354085649, 0.2243428792271062, 0.4716360661301405, -0.014008463490985454, 0.3205028538712193, 0.007379166577934853, 0.7365981779118829, 0.8313958669800907, -0.22337543931470302, 0.13292474168661772, 0.6263990024849946, 0.5439213315236894, 0.10661735376465224, -0.3758770490581069, 0.6933359321435767, -0.13310766520499961, 0.05938800107265746, 0.5730802271475143, -0.36242181881641566, -0.31299195785922984, -0.28105600859204855, 0.40486602837154295, -0.053474408052828576, -0.3533802109750302, -0.16672129394531923, -0.09641502523038241, 0.14302849361490302, 0.07690340093750876]
[-0.4965571198173831, 0.4943905890578407, -0.09219263368048859, -0.2502878072948519, 0.0726867839837992, -0.21326779799604997, -0.813430788912452, 0.23886471010088142, -0.39269013412195614, 0.1406424880315748, 0.19243031381674894, 0.5454739687592713, 0.26401809990669717, -0.7686317310307059, -0.3809704977179396, -0.5673524243580628, 0.3546188342486793, -0.777110696135532, -0.3747117928963555, 0.1708324904583475, 0.20336134551611995, 1.0, 0.6028661738419858, -0.6779366663197299, 0.42047911201480753, 0.31280303712345536, -0.2984067773587088, 0.6835965817614178, 0.03575842376060586, 0.2376855806399217, -0.23987254109705577, 0.10640589047082458, 0.6778873289826136, -0.27779373756124337, -0.553555090248694, 0.3759007725907595, 0.8174857161551471, 0.2703164239911783, 0.062465147774675406, 0.3627322752341874, 0.33568715657646664, 0.5357956006188064, 0.3106894624370544, 0.2643692224335624, 0.18311123153672024, 0.5317415738818646, -0.6238809150467055, -0.8859614103028305, 0.5720296848932259, -0.7402170469549053]
[-0.5015563537174832, 0.28092517995459887, 0.3194177534146578, -0.8231246787190167, 0.18994339951031372, 0.1575162687748285, -0.34911908264320574, 0.1675464021135387, -0.37719019926568825, 0.15218517555645417, -0.04406053169099114, 0.2718536597385826, 0.16106659101488466, -0.3258788315276838, -0.6771532606504392, -0.2833858073882469, -0.4812283106587689, -0.6777418657828665, -0.4609056620681214, -0.22861690677409793, 0.6911038354085649, 0.6028661738419858, 1.0, -0.2729649368543733, 0.6212303940776553, 0.06813347651688538, 0.1254838564686139, 0.18347619649404856, 0.1359703103905725, 0.8883168589359708, -0.5358920119603925, -0.3960554765391441, 0.7991965250942823, -0.14939623275205247, -0.22652556691112083, 0.362128186130514, 0.8598998661616166, -0.04464458381883549, 0.585583743033334, 0.7621590348385742, -0.1690331786511391, -0.014384493091636478, -0.17873511891633895, -0.0690070115964267, -0.06306347050900035, -0.2444466547721128, -0.15071365391081545, -0.5029577837884385, 0.632080510224336, -0.48282560041989336]
[0.46642091321598916, 0.19509311515332997, 0.10884756138688466, 0.3122609044528228, -0.2431169018865361, -0.23441813335196718, 0.8824613050112274, -0.2767108354497492, -0.12328586480616087, -0.2506137037345592, -0.2637025770597432, -0.4513562351694724, 0.1527967190230891, 0.9709079555777066, -0.35169394706364215, 0.9267377155500905, -0.5187209728059997, 0.16727472311696676, 0.6878306005295673, -0.09159355398377625, 0.2243428792271062, -0.6779366663197299, -0.2729649368543733, 1.0, -0.6522361654704383, 0.32705304498983573, -0.10191211696775497, -0.32417147042744576, 0.1376585500571503, 0.183072282857533, -0.01496201629249679, 0.10614025815203097, -0.304642857162441, 0.2798520294898668, 0.5796083454984174, -0.4317844390636209, -0.2612712564354097, -0.6874720799296331, -0.001599714215633813, -0.36010227399190625, 0.09001009805854687, -0.8625385105621558, -0.6189757156033009, 0.27280808280297786, 0.36641546807978154, -0.3943063003097867, 0.5443267439086006, 0.572458083870333, -0.389557549875737, 0.8646396088288]
[-0.13725449266879017, -0.343478930403206, 0.6176676007135262, -0.8183083153722517, -0.12046873505987608, 0.32200743807204063, -0.6152624526839003, -0.13769166973585947, 0.18642600058140385, 0.6099782962786163, -0.34076152714346253, 0.5988227139935198, 0.19703755852100688, -0.6938700805072807, -0.013060968704472696, -0.5287578041932949, -0.012942228537820406, -0.34450727014273497, -0.961267832855058, -0.6080100786080959, 0.4716360661301405, 0.42047911201480753, 0.6212303940776553, -0.6522361654704383, 1.0, -0.5873454515329841, 0.5454793727811881, 0.04085455322559714, 0.40140851746886586, 0.38893376260055973, 0.003111301171582728, -0.1735776917467734, 0.5833603048386367, 0.26642129848902013, -0.3771895944045541, 0.0651480818291814, 0.44288494296331743, 0.6202748089485746, 0.10140161932943119, 0.7131010411941195, -0.6809156765379548, 0.5067070047837882, 0.3820684081816678, -0.22764610996847728, -0.681822446670924, -0.2216561594697116, -0.4693595340648624, -0.22230023814004649, 0.23762657212918992, -0.5472657555710301]
[-0.29406979601936356, 0.9588748109718334, -0.3871027969881917, 0.4958505615920649, 0.11176185460945084, -0.2810025805747325, 0.23143104928645536, 0.41249842792531977, -0.8459516306483502, -0.1979722045539511, 0.41022847077028934, -0.2899823734647498, 0.07148000166441881, 0.2748600137592131, -0.5271736489940588, 0.22371971684231873, 0.049083060570080654, -0.41586746258222046, 0.7138090503049209, 0.5846876976521345, -0.014008463490985454, 0.31280303712345536, 0.06813347651688538, 0.32705304498983573, -0.5873454515329841, 1.0, -0.9102810376268438, 0.6612986461905513, -0.270572584978352, 0.10479320777340735, -0.0373072802025768, 0.08345238368613982, 0.29545111805142327, -0.3188123490454827, -0.25357301746410693, 0.2799742124592192, 0.3435390142931585, -0.3668358435877427, 0.16161570130054434, -0.48123584785580664, 0.7095172796246678, -0.17779164729005126, -0.09988373067275048, 0.38448871095857334, 0.6445256428780386, 0.23276752455469873, -0.126996271513903, -0.23931252406165038, 0.0012619515341439987, 0.24485063087055028]
[0.3932314387840229, -0.850281438472951, 0.48720325782808016, -0.6363353188312053, -0.21976000581563299, 0.04907222723613242, -0.16090271505149173, -0.6035599452468209, 0.8276329570814546, 0.05395245675756614, -0.6003633616512337, 0.3684354843314234, 0.15171523010730661, -0.10153410595612118, 0.16541044819191175, 0.04143690496571908, -0.30990871931543046, 0.20307638172693065, -0.6655246600547194, -0.7158308147299506, 0.3205028538712193, -0.2984067773587088, 0.1254838564686139, -0.10191211696775497, 0.5454793727811881, -0.9102810376268438, 1.0, -0.7781925196594334, 0.4468597124524722, 0.19850329636498598, -0.24082636647873912, -0.008680127597344652, -0.23717862335096734, 0.3896319376887573, 0.5154166107535665, -0.436650476917222, -0.12182392548616111, 0.04677353588619545, -0.11799631876843214, 0.6798947629496249, -0.6271039848513076, -0.14840208524308407, -0.24619064164111648, -0.1620466734641019, -0.40564512004469877, -0.26139329086738095, 0.2881119375489313, 0.13905632454515118, 0.17485686014522675, -0.1969471220975028]
[-0.33373405154156466, 0.7756051999557303, -0.05527189805393524, 0.2832540035769043, -0.08464113809686853, -0.0740411839182752, -0.3328755179614151, 0.3887726001086753, -0.7531897918959404, 0.43512551971539376, 0.277583116732686, 0.19840573526277566, 0.20400571255230548, -0.41036058388377805, -0.225603534385657, -0.3046989361108525, 0.535323842087478, -0.5867258880604392, 0.07661716161509098, 0.30437179557468697, 0.007379166577934853, 0.6835965817614178, 0.18347619649404856, -0.32417147042744576, 0.04085455322559714, 0.6612986461905513, -0.7781925196594334, 1.0, -0.030296859711686518, -0.06310791885922655, 0.3858004262800223, 0.18197818790317802, 0.6574591831880279, -0.0773313024147951, -0.8326217444789837, 0.32337693004010976, 0.47844253188527985, 0.4234150708499636, -0.07037153027987929, -0.35011299904611876, 0.3083590520547112, 0.5714561006261981, 0.6169533083353842, 0.285849862618372, 0.06713582562773, 0.32166980731370765, -0.802561422637088, -0.36022853704652064, -0.12402640559051921, -0.11412348581706962]
[0.7527889287096403, -0.10280268171258433, 0.8391823431370934, -0.25674399272736786, -0.9273531561271037, -0.5056422318565146, -0.18650733543604203, -0.8797585825185218, 0.2878157734899662, 0.5411454780729766, -0.9653699634426284, 0.7741020306477431, 0.9168625309957437, -0.06780808296285903, -0.34858168354403585, 0.45715981574773573, 0.07473444119974036, -0.4989802277715098, -0.46738374224901735, -0.8841046251644568, 0.7365981779118829, 0.03575842376060586, 0.1359703103905725, 0.1376585500571503, 0.40140851746886586, -0.270572584978352, 0.4468597124524722, -0.030296859711686518, 1.0, 0.24523696752030397, 0.21651707334479808, 0.6627141590663769, 0.25958199894388706, 0.9109608752106739, 0.15885063701602675, -0.8282368406553505, 0.3187352618446403, 0.1717314233348895, -0.6070613553119919, 0.28350026559630903, -0.4036664141447337, -0.04589096045249904, 0.0475905698552068, 0.6494443830229473, -0.15832162800108066, -0.02820216982541841, -0.38870520356111865, 0.05826550794418829, -0.23928934412137137, 0.18480975739201258]
[-0.244522705966071, 0.263273133343973, 0.4365467484928102, -0.7597663150592617, 0.05992577498181645, 0.08213330780398811, 0.057525087436627695, -0.020607150834802544, -0.3418392864226565, 0.05521141620959347, -0.23288318719047552, 0.08882729434989285, 0.2336122053319419, 0.12073581411493801, -0.8105994296373527, 0.14806271064848273, -0.7701764831015084, -0.5610821772053302, -0.2212750774900188, -0.35984941090550654, 0.8313958669800907, 0.2376855806399217, 0.8883168589359708, 0.183072282857533, 0.38893376260055973, 0.10479320777340735, 0.19850329636498598, -0.06310791885922655, 0.24523696752030397, 1.0, -0.5588210659750239, -0.3689226632628614, 0.6334168790636653, 0.028426895324219718, 0.09421031935851377, 0.1196302110168638, 0.712016848941961, -0.3484131247230136, 0.5860194784458084, 0.670197780796876, -0.2229885681418159, -0.4310275867583205, -0.4878243916100991, 0.015122519745792604, 0.03602182177114705, -0.4854056560262297, 0.1390269505123656, -0.19789763000300287, 0.4571156818362821, -0.09273299156488]
[0.37359549298246086, -0.026774421830818875, 0.32231568126050125, 0.4670723538428501, -0.4454564020903305, 0.18847075410889996, 0.1425664449578847, -0.07200912378824134, -0.07095251688960394, 0.7238400226188143, -0.1648350689595771, 0.04066599144078751, 0.10155827499731972, -0.0410411551168909, 0.48995250307494786, 0.02869979601548956, 0.5729351626823204, 0.20637771328015367, 0.0019632386062983726, -0.1770499538975324, -0.22337543931470302, -0.23987254109705577, -0.5358920119603925, -0.01496201629249679, 0.003111301171582728, -0.0373072802025768, -0.24082636647873912, 0.3858004262800223, 0.21651707334479808, -0.5588210659750239, 1.0, 0.29529620187135447, 0.026586768785439006, 0.5266619935225826, -0.5154079875030693, -0.24450673502511563, -0.4247129751270178, 0.6962687427428846, -0.49190145857143946, -0.6720996493286691, -0.36649177774430947, 0.5023199973198549, 0.7798001870399158, 0.018125089496453396, -0.5397844025209917, -0.12476630340505983, -0.5815239258192088, 0.5724213260038024, -0.9075042557164108, 0.48161190363359796]
[0.7493266489393425, 0.10388563463731693, 0.1948381851923266, 0.44149747914319304, -0.8366839018918363, -0.8643871128668926, -0.2563099585762619, -0.731588802248243, 0.27719283016476776, 0.1401982506809204, -0.5859790082290772, 0.65178060445382, 0.798254386275194, -0.07953203381926684, -0.09398427422242063, 0.433894617029834, 0.5956914864727826, -0.3375253047691504, -0.0025450166751587616, -0.29036169579773785, 0.13292474168661772, 0.10640589047082458, -0.3960554765391441, 0.10614025815203097, -0.1735776917467734, 0.08345238368613982, -0.008680127597344652, 0.18197818790317802, 0.6627141590663769, -0.3689226632628614, 0.29529620187135447, 1.0, -0.16266014709777876, 0.5946667086111589, 0.18139675701596167, -0.7843320917012415, 0.06001303167118842, 0.053607841755541764, -0.9372566929637199, -0.2223499368304594, 0.26460883363717097, 0.07432553847838591, 0.1333863829645705, 0.8881621119884611, 0.3338266808804204, 0.6156700867528383, -0.3877256264578524, -0.15128576316845257, -0.26793077975027013, 0.1572301252590084]
[-0.3848718917212234, 0.5422850135591005, 0.4600567855239194, -0.4945003087957009, -0.08221285398214949, 0.16127276379725483, -0.3409102944923843, 0.21116263254854584, -0.6525093950535322, 0.592841443752782, -0.07110299740794264, 0.34870355730160274, 0.31806586051665386, -0.4072977672930431, -0.5762070629708126, -0.28177347197594826, -0.0802690663068979, -0.7859629050292909, -0.38615793534111525, -0.22798518313229996, 0.6263990024849946, 0.6778873289826136, 0.7991965250942823, -0.304642857162441, 0.5833603048386367, 0.29545111805142327, -0.23717862335096734, 0.6574591831880279, 0.25958199894388706, 0.6334168790636653, 0.026586768785439006, -0.16266014709777876, 1.0, 0.098290996724525, -0.6673662206466172, 0.29769728409799123, 0.8215071808223284, 0.34102838380879236, 0.3159926117857429, 0.32859732726632385, -0.21055766121751077, 0.3231402038660117, 0.3130558807083352, 0.08957818890092017, -0.2319928252091415, -0.2007527711563538, -0.6366029390510956, -0.33923358060537834, 0.16478113314699003, -0.24269225684354429]
[0.8533557904376982, -0.20897739960718037, 0.8570404733242284, -0.05740046909036511, -0.9291042151876262, -0.297277736030744, 0.08803825505722826, -0.8175007149418899, 0.2993620946280498, 0.6569513571968046, -0.9214544832610252, 0.5337494745426203, 0.7441438796133903, 0.11944417752789638, -0.08374243318223183, 0.5315279341403627, 0.11192839860163069, -0.190636144846654, -0.3212342829038388, -0.8636238932801984, 0.5439213315236894, -0.27779373756124337, -0.14939623275205247, 0.2798520294898668, 0.26642129848902013, -0.3188123490454827, 0.3896319376887573, -0.0773313024147951, 0.9109608752106739, 0.028426895324219718, 0.5266619935225826, 0.5946667086111589, 0.098290996724525, 1.0, 0.10679706302614915, -0.8528600525749835, -0.028704900264397253, 0.2863005877823338, -0.6423224251096608, -0.0203152914634918, -0.5593509757521243, -0.029236062437606028, 0.18797345276541136, 0.47643910460408145, -0.3577123636701437, -0.22707748056122923, -0.350654885009342, 0.4381998603481242, -0.6015338176715069, 0.47865455079440955]
[0.49053878341009627, -0.3915523560391803, -0.06798208898224688, -0.015341684479657147, -0.12487422601161634, -0.42709612324043283, 0.36678911969875083, -0.548067445061784, 0.5871051122491663, -0.644712032024667, -0.35501024566775286, -0.09800502136393409, 0.12057326076943456, 0.5797760822147703, -0.13041475848985165, 0.6360905292026143, -0.4671982952537966, 0.29086777593426, 0.23372655096174502, -0.18603446269565363, 0.10661735376465224, -0.553555090248694, -0.22652556691112083, 0.5796083454984174, -0.3771895944045541, -0.25357301746410693, 0.5154166107535665, -0.8326217444789837, 0.15885063701602675, 0.09421031935851377, -0.5154079875030693, 0.18139675701596167, -0.6673662206466172, 0.10679706302614915, 1.0, -0.5241826728583542, -0.2746992978390893, -0.7572081909431673, -0.13174668475289264, 0.21735198136584039, 0.13048472357625915, -0.805232968102209, -0.8416798125340368, 0.2129536708568316, 0.4438046481934864, -0.009287199710871049, 0.8014726427552996, 0.1469327549483943, 0.18968393248134044, 0.2334001877162273]
[-0.9825154551821322, 0.2701726702143759, -0.541840737520504, -0.14298669035342773, 0.8988906858948291, 0.6394708667830973, -0.11742784512263098, 0.9628555058266502, -0.5322248733246608, -0.18827221874077818, 0.8902969723117167, -0.49570739908374545, -0.7533384257502446, -0.27631694191777784, 0.08859621956508128, -0.7180267450501474, -0.1153195898546021, 0.07674386836966127, 0.09309479767266511, 0.6839167601499697, -0.3758770490581069, 0.3759007725907595, 0.362128186130514, -0.4317844390636209, 0.0651480818291814, 0.2799742124592192, -0.436650476917222, 0.32337693004010976, -0.8282368406553505, 0.1196302110168638, -0.24450673502511563, -0.7843320917012415, 0.29769728409799123, -0.8528600525749835, -0.5241826728583542, 1.0, 0.15040724643669195, 0.09190665841122522, 0.7860840237808338, 0.03389861358059098, 0.19665203693156244, 0.2957472952840343, 0.15365052361518441, -0.6659107637376779, -0.06279318029840947, -0.08067715557919045, 0.02526431190234147, -0.2939944193487765, 0.4082476242283346, -0.44699313779319244]
